<hull.visual>
    <node>
<identifier>Scene Root</identifier>
<transform>
<row0>1.000000 0.000000 0.000000</row0>
<row1>0.000000 1.000000 0.000000</row1>
<row2>0.000000 0.000000 1.000000</row2>
<row3>0.000000 0.000000 0.000000</row3>
</transform>
<node>
<identifier>HP_Fire_1</identifier>
<transform>
<row0>1.000000 0.000000 0.000000</row0>
<row1>0.000000 1.000000 0.000000</row1>
<row2>0.000000 0.000000 1.000000</row2>
<row3>0.000000 0.215664 -1.903531</row3>
</transform>
</node>
<node>
<identifier>HP_Fire_2</identifier>
<transform>
<row0>1.000000 0.000000 0.000000</row0>
<row1>0.000000 1.000000 0.000000</row1>
<row2>0.000000 0.000000 1.000000</row2>
<row3>-0.503740 0.215664 1.227954</row3>
</transform>
</node>
<node>
<identifier>HP_TrackUp_LFront</identifier>
<transform>
<row0>1.000000 0.000000 0.000000</row0>
<row1>0.000000 0.978148 0.207912</row1>
<row2>0.000000 -0.207912 0.978148</row2>
<row3>-1.155169 0.056672 2.596535</row3>
</transform>
</node>
<node>
<identifier>HP_TrackUp_LRear</identifier>
<transform>
<row0>-1.000000 0.000000 0.000000</row0>
<row1>0.000000 0.990268 -0.139173</row1>
<row2>0.000000 -0.139173 -0.990268</row2>
<row3>-1.155169 0.057583 -2.819291</row3>
</transform>
</node>
<node>
<identifier>HP_TrackUp_RFront</identifier>
<transform>
<row0>1.000000 0.000000 0.000000</row0>
<row1>0.000000 0.978148 0.207912</row1>
<row2>0.000000 -0.207912 0.978148</row2>
<row3>1.155169 0.056672 2.596535</row3>
</transform>
</node>
<node>
<identifier>HP_TrackUp_RRear</identifier>
<transform>
<row0>-1.000000 0.000000 0.000000</row0>
<row1>0.000000 0.990268 -0.139173</row1>
<row2>0.000000 -0.139173 -0.990268</row2>
<row3>1.155169 0.057583 -2.819291</row3>
</transform>
</node>
<node>
<identifier>HP_Track_Exhaus_1</identifier>
<transform>
<row0>-1.000000 0.000000 0.000000</row0>
<row1>0.000000 1.000000 0.000000</row1>
<row2>0.000000 0.000000 -1.000000</row2>
<row3>-0.491203 0.019680 -2.766957</row3>
</transform>
</node>
<node>
<identifier>HP_Track_Exhaus_2</identifier>
<transform>
<row0>-1.000000 0.000000 0.000000</row0>
<row1>0.000000 1.000000 0.000000</row1>
<row2>0.000000 0.000000 -1.000000</row2>
<row3>0.491283 0.019680 -2.766957</row3>
</transform>
</node>
<node>
<identifier>HP_turretJoint</identifier>
<transform>
<row0>1.000000 0.000000 0.000000</row0>
<row1>0.000000 1.000000 0.000000</row1>
<row2>0.000000 0.000000 1.000000</row2>
<row3>0.004100 0.925638 -0.150200</row3>
</transform>
</node>
<node>
<identifier>lod0</identifier>
<transform>
<row0>1.000000 0.000000 0.000000</row0>
<row1>0.000000 1.000000 0.000000</row1>
<row2>0.000000 0.000000 1.000000</row2>
<row3>0.000000 0.000000 0.000000</row3>
</transform>
<node>
<identifier>hull</identifier>
<transform>
<row0>1.000000 0.000000 0.000000</row0>
<row1>0.000000 1.000000 0.000000</row1>
<row2>0.000000 0.000000 1.000000</row2>
<row3>0.000000 -0.924156 0.000000</row3>
</transform>
</node>
</node>
</node>
<renderSet>
<treatAsWorldSpaceObject>false</treatAsWorldSpaceObject>
<node>Scene Root</node>
<geometry>
<vertices>vertices</vertices>
<stream>colour</stream>
<primitive>indices</primitive>
<primitiveGroup>0<material>
<identifier>tank_hull_01</identifier>
<fx>shaders/std_effects/PBS_tank.fx</fx>
<collisionFlags>0</collisionFlags>
<materialKind>0</materialKind>
<property>g_detailUVTiling<Vector4>7.0137 7.0137 0.000000 0.000000</Vector4>
</property>
<property>g_detailPower
<Float>5</Float>
</property>
<property>metallicDetailMap
<Texture>vehicles/russian/Tank_detail/Details_map.dds</Texture>
</property>
<property>g_useDetailMetallic<Bool>true</Bool>
</property>
<property>g_useNormalPackDXT1<Bool>false</Bool>
</property>
<property>metallicGlossMap
<Texture>vehicles/avalon/Sherman_IVCY/Firefly_IVCY_hull_01_GMM.dds</Texture>
</property>
<property>normalMap
<Texture>vehicles/avalon/Sherman_IVCY/Firefly_IVCY_hull_01_ANM.dds</Texture>
</property>
<property>diffuseMap
<Texture>vehicles/avalon/Sherman_IVCY/Firefly_IVCY_hull_01_AM.dds</Texture>
</property>
<property>g_detailPowerAlbedo
<Float>0.06</Float>
</property>
<property>g_detailPowerGloss
<Float>0.3</Float>
</property>
<property>excludeMaskAndAOMap
<Texture>vehicles/avalon/Sherman_IVCY/Firefly_IVCY_hull_01_AO.dds</Texture>
</property>
</material>
</primitiveGroup>
</geometry>
</renderSet>
<boundingBox>
<min>-1.565934 -0.623610 -3.320792</min>
<max>1.541822 1.054939 2.811487</max>
</boundingBox>
</hull.visual>